*begin "version 2023.1.0.22  6-25-2025  13:25:50"
*createstringarray 20 " 0 penalty value              0.00    0.00    0.80    1.00   10.00" \
  "  1 min length        1 1.0  10.000   9.000   4.000   2.000   1.000    1   59    0" \
  "  2 max length        1 1.0  10.000  12.000  15.000  20.000  30.000    0   39    1" \
  "  3 aspect ratio      1 1.0   1.000   2.000   4.400   5.000  10.000    0   41    2" \
  "  4 warpage           1 1.0   0.000   5.000  13.000  15.000  30.000    0   56    3" \
  "  5 max angle quad    1 1.0  90.000 110.000 134.000 140.000 160.000    0   28    4" \
  "  6 min angle quad    1 1.0  90.000  70.000  46.000  40.000  20.000    0   61    5" \
  "  7 max angle tria    1 1.0  60.000  80.000 112.000 120.000 150.000    0   19    6" \
  "  8 min angle tria    1 1.0  60.000  50.000  34.000  30.000  15.000    0   22    7" \
  "  9 skew              1 1.0   0.000  10.000  34.000  40.000  70.000    0   46    8" \
  " 10 jacobian          1 1.0   1.000   0.900   0.700   0.600   0.300    0   57    9" \
  " 11 chordal dev       0 1.0   0.000   0.300   0.800   1.000   2.000    0   29   10" \
  " 12 taper             1 1.0   0.000   0.200   0.500   0.600   0.900    0   53   11" \
  " 13 % of trias        1 1.0   0.000   6.000  10.000  15.000  20.000    0    0   -1" \
  " 14 QI color legend            32      32       7       6       3           3   -1" \
  " 15 time_step         0      10.000                   0.010            0   59   12" \
  " 16 area_skew         0      10.000                   0.500            0   39   13" \
  " 17 cell_squish       0      10.000                   0.600            0   53   14" \
  " 18 equi_skew         0      10.000                   0.600            0   34   15" \
  "   Global_solver -1"
*setqualitycriteria 1 20 0
*templatefileset "C:/Program Files/Altair/2023.1/hwdesktop/templates/feoutput/optistruct/optistruct"
*menufilterset "*"
*menufilterdisable 
*setoption show_scale=0
*setscaleoption position=bottom
*viewset 1 0 0 0 0 1 0 0 0 0 1 0 0 0 0 1 0 0 10 10
*setoption display_color-5=14
*graphicfont 2
*menufont 2
*ME_CoreBehaviorAdjust "allowable_actions_policy=default"
*loaddefaultattributevaluesfromxml 
*loaddefaultattributevaluesfromxml 
*setoption highlight-active_color=#feb317
*setoption highlight-glow_color=#feb317
*clearmarkall 3
*setoption block_messages=1
*setoption block_messages=0
*clearmarkall 1
*setoption topoedgecolor=0
*setoption topofacecolor=4
*setoption topofacecolor=4
*setoption block_messages=1
*setoption block_messages=0
*readfile "C:\\Users\\sihol\\OneDrive\\Desktop\\ASE\\MATLAB\\ASE_Project2025_SuperPanel.hm"  0
*clearmark results 1
*setoption topofacecolor=4
*setoption detailed_elements_shellvis=1
*setoption detailed_elements_beamvis=1
*rotateabout 1 0 1000 0
*viewset -0.125283992 -0.0866833844 -0.988326825 0 -0.987112029 -0.0890838038 0.132943292 0 -0.0995678874 0.992244963 -0.0744054369 0 1237.67025 1031.13068 74.9936801 1 -518.991123 537.506972 1268.99112 1462.49303
*rotateabout 1 500 800 0
*viewset -0.122468808 0.0964086729 -0.987778699 0 -0.989986186 -0.0822697677 0.114712849 0 -0.0702050106 0.991936013 0.105518735 0 1238.56198 934.133418 89.3039716 1 -518.991123 537.506972 1268.99112 1462.49303
*setoption topofacecolor=11
*setoption topofacecolor=4
*rotateabout 1 750 1200 0
*viewset -0.0692514475 0.0746417567 -0.994802918 0 -0.991830119 -0.112240263 0.0606229233 0 -0.10713194 0.990873721 0.0818047431 0 1445.7592 1170.11057 159.480047 1 -688.140604 450 1438.1406 1550
*rotateabout 1 750 1200 0
*viewset -0.130762746 0.0911371498 -0.987215845 0 -0.990065516 -0.0639164708 0.125239603 0 -0.0516853723 0.993785039 0.0985896424 0 1489.77515 1099.75048 76.2497264 1 -688.140604 450 1438.1406 1550
*viewset -0.130762746 0.0911371498 -0.987215845 0 -0.990065516 -0.0639164708 0.125239603 0 -0.0516853723 0.993785039 0.0985896424 0 1489.77515 1099.75048 76.2497264 1 -588.335569 480.354796 1537.94564 1580.3548
*retainmarkselections 0
*feoutputmergeincludefiles 0
*setsubmodeltype "HM_INCLUDEFILES"
*setentitytypesupportedbyenggid 1 0
*createstringarray 6 "HM_NODEELEMS_SET_COMPRESS_SKIP " "EXPORT_DMIG_LONGFORMAT " \
  "HMSUBSYSTEMCOMMENTS_XML" "HMMATCOMMENTS_XML" "HMBOMCOMMENTS_XML" "INCLUDE_RELATIVE_PATH "
*feoutputwithdata "C:/Program Files/Altair/2023.1/hwdesktop/templates/feoutput/optistruct/optistruct" "C:/Users/sihol/OneDrive/Desktop/ASE/MATLAB/Original.fem" 0 0 2 1 6
*clearmarkall 1
*createentity results name="result1"
*setvalue results id=1 resultfiles= "C:/Users/sihol/OneDrive/Desktop/ASE/MATLAB/Original.h3d"
*setvalue results id=1 init=1
*startnotehistorystate {Updated Auto Quality Check Target to 0.005}
*morphupdateparameter "qavalue" 0.005
*endnotehistorystate {Updated Auto Quality Check Target to 0.005}
*rotateabout 1 0 1200 15.7701273
*viewset -0.419584486 0.0460830664 -0.906545757 0 -0.880699598 -0.262514012 0.394277327 0 -0.219811456 0.963827134 0.150732145 0 1409.77065 1401.50696 -247.417837 1 -588.335569 480.354796 1537.94564 1580.3548
*rotateabout 1 165.662109 1723.78357 19.3311462
*viewset -0.967720786 0.242477599 0.0687102178 0 0.050169188 -0.0818350801 0.995382375 0 0.246980834 0.96669935 0.0670286038 0 490.204256 1089.5668 -1443.53772 1 -276.948895 641.446066 1226.55897 1419.26353
*rotateabout 1 750 400 0
*viewset -0.724745243 -0.237820743 0.646672736 0 0.682641509 -0.120457769 0.720756891 0 -0.0935141841 0.96381078 0.249647505 0 432.380173 1375.91003 -1767.15941 1 -157.34215 703.322839 1106.95222 1357.38675
*startnotehistorystate {Morphed by Translating 2 Nodes 118.260 along Z}
*createmark nodes 1 15 20
*createmark elements 1
*createmark nodes 2
*createdoublearray 32 1 0 0 0 0 1 0 0 0 0 1 0 625 1300 118.260208 1 1 0 0 \
  0 0 1 0 0 0 0 1 0 625 1300 0 1
*morphnodesmatrixdiffenvelope nodes 1 elements 1 nodes 2 1 1 7 1 1 723.364345 2
*endnotehistorystate {Morphed by Translating 2 Nodes 118.260 along Z}
*undohistorystate 1
*undohistorystate 1
*rotateabout 1 375 1000.00001 -138.869896
*viewset -0.615466646 -0.391130914 0.684264142 0 0.781179234 -0.18740595 0.595514916 0 -0.104689122 0.901052506 0.420885459 0 -152.902958 1470.59763 -1632.23442 1 -588.335569 480.354796 1537.94564 1580.3548
*rotateabout 1 526.918701 1116.73853 0
*viewset -0.13164311 -0.192006517 0.972524339 0 0.971909491 0.168081092 0.164744312 0 -0.195094934 0.966893088 0.164486239 0 -541.921221 944.546717 -1303.06598 1 -588.335569 480.354796 1537.94564 1580.3548
*rotateabout 1 500 2000 0
*viewset -0.10958431 -0.328829115 0.938009964 0 0.983634827 0.0999061299 0.149937627 0 -0.143016803 0.93909008 0.312499626 0 -576.401294 1149.30794 -1256.19542 1 -588.335569 480.354796 1537.94564 1580.3548
*rotateabout 1 534.937012 345.77478 0
*viewset 0.235034114 -0.212128653 0.948557009 0 0.947698152 0.26681393 -0.175152905 0 -0.215933274 0.940112632 0.263744308 0 -748.324447 1029.16804 -1149.42932 1 -588.335569 480.354796 1537.94564 1580.3548
*rotateabout 1 582.094367 1105.02607 -181.010962
*viewset 0.0160941372 -0.412106604 0.910993483 0 0.999104383 0.0422876477 0.0014789303 0 -0.0391332484 0.910153779 0.412418098 0 -645.683203 1388.25859 -1295.835 1 -588.335569 480.354796 1537.94564 1580.3548
*rotateabout 1 259.849609 341.118927 0
*viewset 0.112474956 -0.0738281548 0.990908062 0 0.993648642 0.0117984864 -0.111906978 0 -0.00342932964 0.997201183 0.07468628 0 -668.866664 1310.75749 -1277.92269 1 -588.335569 480.354796 1537.94564 1580.3548
*writefile "C:UserssiholOneDriveDesktopASEMATLABASE_Project2025_SuperPanel.hm" 1
# Session ended at "6-25-2025  19:43:51"
return; # Stop script and return to application 
# *quit 1; # Uncomment to exit application
*do_markrejectclear 0
*begin "version 2023.1.0.22  6-25-2025  19:50:36"
*createstringarray 20 " 0 penalty value              0.00    0.00    0.80    1.00   10.00" \
  "  1 min length        1 1.0  10.000   9.000   4.000   2.000   1.000    1   59    0" \
  "  2 max length        1 1.0  10.000  12.000  15.000  20.000  30.000    0   39    1" \
  "  3 aspect ratio      1 1.0   1.000   2.000   4.400   5.000  10.000    0   41    2" \
  "  4 warpage           1 1.0   0.000   5.000  13.000  15.000  30.000    0   56    3" \
  "  5 max angle quad    1 1.0  90.000 110.000 134.000 140.000 160.000    0   28    4" \
  "  6 min angle quad    1 1.0  90.000  70.000  46.000  40.000  20.000    0   61    5" \
  "  7 max angle tria    1 1.0  60.000  80.000 112.000 120.000 150.000    0   19    6" \
  "  8 min angle tria    1 1.0  60.000  50.000  34.000  30.000  15.000    0   22    7" \
  "  9 skew              1 1.0   0.000  10.000  34.000  40.000  70.000    0   46    8" \
  " 10 jacobian          1 1.0   1.000   0.900   0.700   0.600   0.300    0   57    9" \
  " 11 chordal dev       0 1.0   0.000   0.300   0.800   1.000   2.000    0   29   10" \
  " 12 taper             1 1.0   0.000   0.200   0.500   0.600   0.900    0   53   11" \
  " 13 % of trias        1 1.0   0.000   6.000  10.000  15.000  20.000    0    0   -1" \
  " 14 QI color legend            32      32       7       6       3           3   -1" \
  " 15 time_step         0      10.000                   0.010            0   59   12" \
  " 16 area_skew         0      10.000                   0.500            0   39   13" \
  " 17 cell_squish       0      10.000                   0.600            0   53   14" \
  " 18 equi_skew         0      10.000                   0.600            0   34   15" \
  "   Global_solver -1"
*setqualitycriteria 1 20 0
*templatefileset "C:/Program Files/Altair/2023.1/hwdesktop/templates/feoutput/optistruct/optistruct"
*menufilterset "*"
*menufilterdisable 
*setoption show_scale=0
*setscaleoption position=bottom
*viewset 1 0 0 0 0 1 0 0 0 0 1 0 0 0 0 1 0 0 10 10
*setoption display_color-5=14
*graphicfont 2
*menufont 2
*ME_CoreBehaviorAdjust "allowable_actions_policy=default"
*loaddefaultattributevaluesfromxml 
*loaddefaultattributevaluesfromxml 
*setoption highlight-active_color=#feb317
*setoption highlight-glow_color=#feb317
*clearmarkall 3
*setoption block_messages=1
*setoption block_messages=0
*clearmarkall 1
*setoption topoedgecolor=0
*setoption topofacecolor=4
*setoption topofacecolor=4
*setoption block_messages=1
*setoption block_messages=0
*readfile "C:\\Users\\sihol\\OneDrive\\Desktop\\ASE\\MATLAB\\ASE_Project2025_SuperPanel.hm"  0
*clearmark results 1
*setoption topofacecolor=4
*setoption topofacecolor=11
*setoption topofacecolor=4
*setoption topofacecolor=4
*setoption topofacecolor=11
*setoption topofacecolor=4
# Session ended at "6-25-2025  20:32:47"
return; # Stop script and return to application 
# *quit 1; # Uncomment to exit application
*do_markrejectclear 0
*begin "version 2023.1.0.22  6-26-2025  14:27:43"
*createstringarray 20 " 0 penalty value              0.00    0.00    0.80    1.00   10.00" \
  "  1 min length        1 1.0  10.000   9.000   4.000   2.000   1.000    1   59    0" \
  "  2 max length        1 1.0  10.000  12.000  15.000  20.000  30.000    0   39    1" \
  "  3 aspect ratio      1 1.0   1.000   2.000   4.400   5.000  10.000    0   41    2" \
  "  4 warpage           1 1.0   0.000   5.000  13.000  15.000  30.000    0   56    3" \
  "  5 max angle quad    1 1.0  90.000 110.000 134.000 140.000 160.000    0   28    4" \
  "  6 min angle quad    1 1.0  90.000  70.000  46.000  40.000  20.000    0   61    5" \
  "  7 max angle tria    1 1.0  60.000  80.000 112.000 120.000 150.000    0   19    6" \
  "  8 min angle tria    1 1.0  60.000  50.000  34.000  30.000  15.000    0   22    7" \
  "  9 skew              1 1.0   0.000  10.000  34.000  40.000  70.000    0   46    8" \
  " 10 jacobian          1 1.0   1.000   0.900   0.700   0.600   0.300    0   57    9" \
  " 11 chordal dev       0 1.0   0.000   0.300   0.800   1.000   2.000    0   29   10" \
  " 12 taper             1 1.0   0.000   0.200   0.500   0.600   0.900    0   53   11" \
  " 13 % of trias        1 1.0   0.000   6.000  10.000  15.000  20.000    0    0   -1" \
  " 14 QI color legend            32      32       7       6       3           3   -1" \
  " 15 time_step         0      10.000                   0.010            0   59   12" \
  " 16 area_skew         0      10.000                   0.500            0   39   13" \
  " 17 cell_squish       0      10.000                   0.600            0   53   14" \
  " 18 equi_skew         0      10.000                   0.600            0   34   15" \
  "   Global_solver -1"
*setqualitycriteria 1 20 0
*templatefileset "C:/Program Files/Altair/2023.1/hwdesktop/templates/feoutput/optistruct/optistruct"
*menufilterset "*"
*menufilterdisable 
*setoption show_scale=0
*setscaleoption position=bottom
*viewset 1 0 0 0 0 1 0 0 0 0 1 0 0 0 0 1 0 0 10 10
*setoption display_color-5=14
*graphicfont 2
*menufont 2
*ME_CoreBehaviorAdjust "allowable_actions_policy=default"
*loaddefaultattributevaluesfromxml 
*loaddefaultattributevaluesfromxml 
*setoption highlight-active_color=#feb317
*setoption highlight-glow_color=#feb317
*clearmarkall 3
*setoption block_messages=1
*setoption block_messages=0
*clearmarkall 1
*setoption topoedgecolor=0
*setoption topofacecolor=4
*setoption topofacecolor=4
*setoption block_messages=1
*setoption block_messages=0
*readfile "C:\\Users\\sihol\\OneDrive\\Desktop\\ASE\\MATLAB\\ASE_Project2025_SuperPanel.hm"  0
*clearmark results 1
*setoption topofacecolor=4
*rotateabout 1 53.9187012 1327.13965 0
*viewset -0.00399409599 0.0435399829 -0.999043701 0 -0.989867475 0.1416325 0.0101299896 0 0.141938117 0.988961326 0.0425331192 0 1598.45192 896.053658 185.184937 1 -376.753931 611.09127 1126.75393 1388.90873
*setoption detailed_elements_shellvis=1
*setoption detailed_elements_beamvis=1
*rotateabout 1 0 1400 0
*viewset -0.00399409599 0.0435399829 -0.999043701 0 -0.989867475 0.1416325 0.0101299896 0 0.141938117 0.988961326 0.0425331192 0 1652.24716 875.484892 185.184937 1 -156.570302 725 906.570302 1275
*rotateabout 1 397.70201 1359.23805 -38.3775439
*viewset 0.0140144719 0.0340029484 -0.999323468 0 -0.991232368 0.131794237 -0.00941657615 0 0.131384882 0.990693736 0.0355518497 0 1721.7894 845.35761 211.596713 1 263.25111 942.188371 486.74889 1057.81163
*setoption topofacecolor=11
*setoption topofacecolor=4
*setoption topofacecolor=10
*rotateabout 1 375 1569.86744 -10.3773256
*viewset 0.00419062938 0.028971872 -0.999571443 0 -0.998997011 -0.0444407697 -0.00547630543 0 -0.0445803832 0.998591833 0.0287565788 0 566.258762 -126.01023 8.73478105 1 -1098.14607 -215.179482 -901.853955 -175.369736
*setoption topofacecolor=11
*setoption topofacecolor=4
*setoption topofacecolor=10
*startnotehistorystate {Modified SECTION_FOR_VABS of Property}
*setvalue props id=12 STATUS=2 11999=1
*endnotehistorystate {Modified SECTION_FOR_VABS of Property}
*startnotehistorystate {Attached attributes to Property "Stringer1"}
*setvalue props id=12 STATUS=2 3240=3
*setvalue props id=12 STATUS=2 11996=""
*setvalue props id=12 STATUS=2 11998=""
*endnotehistorystate {Attached attributes to Property "Stringer1"}
*mergehistorystate "" ""
*startnotehistorystate {Modified SECTION_FOR_VABS of Property}
*setvalue props id=12 STATUS=2 11999=0
*endnotehistorystate {Modified SECTION_FOR_VABS of Property}
*startnotehistorystate {Attached attributes to Property "Stringer1"}
*setvalue props id=12 STATUS=2 3179={beamsects 1}
*setvalue props id=12 STATUS=0 3185=0
*endnotehistorystate {Attached attributes to Property "Stringer1"}
*mergehistorystate "" ""
*setoption topofacecolor=11
*setoption topofacecolor=4
*setoption topofacecolor=11
*setoption topofacecolor=4
*setoption topofacecolor=11
*setoption topofacecolor=4
*rotateabout 1 36.152832 1609.74805 0
*viewset 0.00423343461 -0.00249425402 -0.999987928 0 -0.999061596 -0.0431153796 -0.00412197099 0 -0.0431045779 0.999066986 -0.00267443955 0 547.978806 -126.628756 6.56970095 1 -1138.7995 -223.42435 -861.200527 -167.124867
*setoption topofacecolor=11
*startnotehistorystate {Modified E of Material}
*endnotehistorystate {Modified E of Material}
*startnotehistorystate {Modified E of Material}
*setvalue mats id=1 STATUS=1 1=72646.95
*endnotehistorystate {Modified E of Material}
*setoption topofacecolor=4
*setoption topofacecolor=4
*startnotehistorystate {Modified S of Load Collector}
*setvalue loadcols id=5 STATUS=2 379=1.54
*endnotehistorystate {Modified S of Load Collector}
*startnotehistorystate {Modified S of Load Collector}
*setvalue loadcols id=7 STATUS=2 379=1.54
*endnotehistorystate {Modified S of Load Collector}
*startnotehistorystate {Modified S of Load Collector}
*setvalue loadcols id=6 STATUS=2 379=1.02
*endnotehistorystate {Modified S of Load Collector}
*writefile "C:/Users/sihol/OneDrive/Desktop/ASE/MATLAB/ASE_Project2025_SuperPanel.hm" 1
*retainmarkselections 0
*feoutputmergeincludefiles 0
*setsubmodeltype "HM_INCLUDEFILES"
*setentitytypesupportedbyenggid 1 0
*createstringarray 6 "HM_NODEELEMS_SET_COMPRESS_SKIP " "EXPORT_DMIG_LONGFORMAT " \
  "HMSUBSYSTEMCOMMENTS_XML" "HMMATCOMMENTS_XML" "HMBOMCOMMENTS_XML" "INCLUDE_RELATIVE_PATH "
*feoutputwithdata "C:/Program Files/Altair/2023.1/hwdesktop/templates/feoutput/optistruct/optistruct" "C:/Users/sihol/OneDrive/Desktop/Project 2025/Original/Output.fem" 0 0 2 1 6
*setoption topofacecolor=10
*setoption topofacecolor=11
*setoption topofacecolor=4
*setoption topofacecolor=10
*startnotehistorystate {Modified T of Property}
*endnotehistorystate {Modified T of Property}
*startnotehistorystate {Modified T of Property}
*createmark properties 1 "Shell1" "Shell10"
*setvalue props mark=1 STATUS=1 95=4.2
*endnotehistorystate {Modified T of Property}
*startnotehistorystate {Modified T of Property}
*endnotehistorystate {Modified T of Property}
*startnotehistorystate {Modified T of Property}
*createmark properties 1 "Shell2" "Shell3" "Shell8" "Shell9"
*setvalue props mark=1 STATUS=1 95=4.3
*endnotehistorystate {Modified T of Property}
*startnotehistorystate {Modified T of Property}
*endnotehistorystate {Modified T of Property}
*startnotehistorystate {Modified T of Property}
*createmark properties 1 "Shell4" "Shell7"
*setvalue props mark=1 STATUS=1 95=4.4
*endnotehistorystate {Modified T of Property}
*startnotehistorystate {Modified T of Property}
*endnotehistorystate {Modified T of Property}
*startnotehistorystate {Modified T of Property}
*createmark properties 1 "Shell5" "Shell6"
*setvalue props mark=1 STATUS=1 95=4.5
*endnotehistorystate {Modified T of Property}
*rotateabout 1 375.283936 803.460406 1.47629742
*viewset -0.00353611129 0.00930155121 -0.999950487 0 -0.999566908 -0.029246376 0.00326270471 0 -0.0292145797 0.999528954 0.00940094123 0 -195.517402 -176.742628 0.604528567 1 -1012.26827 -197.762718 -987.731754 -192.786499
*setoption topofacecolor=11
*setoption topofacecolor=4
*setoption topofacecolor=11
*setoption topofacecolor=4
*startnotehistorystate {Modified Dimension DIM4 of Beam Section}
*createmark beamsects 1 "Stringer_Section1" "Stringer_Section2" "Stringer_Section3" \
  "Stringer_Section4" "Stringer_Section5" "Stringer_Section6" "Stringer_Section7" \
  "Stringer_Section8" "Stringer_Section9"
*setvalue beamsects mark=1 beamsect_dim4=10
*endnotehistorystate {Modified Dimension DIM4 of Beam Section}
*startnotehistorystate {Modified Dimension DIM1 of Beam Section}
*createmark beamsects 1 "Stringer_Section1" "Stringer_Section2" "Stringer_Section3" \
  "Stringer_Section4" "Stringer_Section5" "Stringer_Section6" "Stringer_Section7" \
  "Stringer_Section8" "Stringer_Section9"
*setvalue beamsects mark=1 beamsect_dim1=40
*endnotehistorystate {Modified Dimension DIM1 of Beam Section}
*startnotehistorystate {Modified Dimension DIM1 of Beam Section}
*createmark beamsects 1 "Stringer_Section1" "Stringer_Section2" "Stringer_Section8" \
  "Stringer_Section9"
*setvalue beamsects mark=1 beamsect_dim1=35
*endnotehistorystate {Modified Dimension DIM1 of Beam Section}
*startnotehistorystate {Modified Dimension DIM1 of Beam Section}
*createmark beamsects 1 "Stringer_Section3" "Stringer_Section7"
*setvalue beamsects mark=1 beamsect_dim1=50
*endnotehistorystate {Modified Dimension DIM1 of Beam Section}
*startnotehistorystate {Modified Thickness DIM2 of Beam Section}
*createmark beamsects 1 "Stringer_Section4" "Stringer_Section5" "Stringer_Section6" \
 
*setvalue beamsects mark=1 beamsect_dim2=3
*endnotehistorystate {Modified Thickness DIM2 of Beam Section}
*startnotehistorystate {Modified Dimension DIM1 of Beam Section}
*createmark beamsects 1 "Stringer_Section4" "Stringer_Section5" "Stringer_Section6" \
 
*setvalue beamsects mark=1 beamsect_dim1=60
*endnotehistorystate {Modified Dimension DIM1 of Beam Section}
*startnotehistorystate {Modified Thickness DIM2 of Beam Section}
*createmark beamsects 1 "Stringer_Section4" "Stringer_Section5" "Stringer_Section6" \
 
*setvalue beamsects mark=1 beamsect_dim2=5
*endnotehistorystate {Modified Thickness DIM2 of Beam Section}
*rotateabout 1 375 1000.00001 -191.328167
*viewset 0.0661200757 0.206573476 -0.976194414 0 -0.996203608 0.0691872874 -0.0528345571 0 0.0566260254 0.975981823 0.210363911 0 55.8265687 -380.466141 84.1560045 1 -2110.39589 -420.472539 110.395862 29.9233219
*startnotehistorystate {Modified Thickness DIM2 of Beam Section}
*createmark beamsects 1 "Stringer_Section1" "Stringer_Section2" "Stringer_Section8" \
  "Stringer_Section9"
*setvalue beamsects mark=1 beamsect_dim2=3
*endnotehistorystate {Modified Thickness DIM2 of Beam Section}
*startnotehistorystate {Modified Dimension DIM1 of Beam Section}
*createmark beamsects 1 "Stringer_Section3" "Stringer_Section7"
*setvalue beamsects mark=1 beamsect_dim1=60
*endnotehistorystate {Modified Dimension DIM1 of Beam Section}
*startnotehistorystate {Modified Thickness DIM2 of Beam Section}
*createmark beamsects 1 "Stringer_Section3" "Stringer_Section7"
*setvalue beamsects mark=1 beamsect_dim2=3
*endnotehistorystate {Modified Thickness DIM2 of Beam Section}
*startnotehistorystate {Modified Dimension DIM1 of Beam Section}
*createmark beamsects 1 "Stringer_Section4" "Stringer_Section5" "Stringer_Section6" \
 
*setvalue beamsects mark=1 beamsect_dim1=80
*endnotehistorystate {Modified Dimension DIM1 of Beam Section}
*rotateabout 1 197.019775 1012.25732 0
*viewset -0.0309751638 0.00829639295 -0.999485722 0 -0.997248033 0.0671300035 0.0314630388 0 0.0673565097 0.997709744 0.0061941987 0 40.1072153 -295.433702 3.41399395 1 -1555.19795 -307.873574 -444.802075 -82.6756434
*rotateabout 1 500 1000 0
*viewset 0.0262542906 0.066314803 -0.997453287 0 -0.995112816 0.0967471124 -0.0197605398 0 0.0951903089 0.993097348 0.0685307372 0 109.560091 -287.752241 53.6213548 1 -1392.58424 -274.894101 -607.415785 -115.655117
*startnotehistorystate {Modified T of Property}
*endnotehistorystate {Modified T of Property}
*startnotehistorystate {Modified T of Property}
*createmark properties 1 "Shell1" "Shell2" "Shell9" "Shell10"
*setvalue props mark=1 STATUS=1 95=4.3
*endnotehistorystate {Modified T of Property}
*startnotehistorystate {Modified T of Property}
*endnotehistorystate {Modified T of Property}
*startnotehistorystate {Modified T of Property}
*createmark properties 1 "Shell3" "Shell4" "Shell7" "Shell8"
*setvalue props mark=1 STATUS=1 95=5
*endnotehistorystate {Modified T of Property}
*startnotehistorystate {Modified T of Property}
*endnotehistorystate {Modified T of Property}
*startnotehistorystate {Modified T of Property}
*createmark properties 1 "Shell3" "Shell4" "Shell7" "Shell8"
*setvalue props mark=1 STATUS=1 95=4.5
*endnotehistorystate {Modified T of Property}
*startnotehistorystate {Modified T of Property}
*endnotehistorystate {Modified T of Property}
*startnotehistorystate {Modified T of Property}
*createmark properties 1 "Shell5" "Shell6"
*setvalue props mark=1 STATUS=1 95=5.2
*endnotehistorystate {Modified T of Property}
*retainmarkselections 0
*feoutputmergeincludefiles 0
*setsubmodeltype "HM_INCLUDEFILES"
*setentitytypesupportedbyenggid 1 0
*createstringarray 6 "HM_NODEELEMS_SET_COMPRESS_SKIP " "EXPORT_DMIG_LONGFORMAT " \
  "HMSUBSYSTEMCOMMENTS_XML" "HMMATCOMMENTS_XML" "HMBOMCOMMENTS_XML" "INCLUDE_RELATIVE_PATH "
*feoutputwithdata "C:/Program Files/Altair/2023.1/hwdesktop/templates/feoutput/optistruct/optistruct" "C:/Users/sihol/OneDrive/Desktop/Project 2025/iteration1/eins.fem" 0 0 2 1 6
*setoption topofacecolor=11
*setoption topofacecolor=4
*startnotehistorystate {Modified Dimension DIM1 of Beam Section}
*createmark beamsects 1 "Stringer_Section1" "Stringer_Section2" "Stringer_Section3" \
  "Stringer_Section4" "Stringer_Section5" "Stringer_Section6" "Stringer_Section7" \
  "Stringer_Section8" "Stringer_Section9"
*setvalue beamsects mark=1 beamsect_dim1=15
*endnotehistorystate {Modified Dimension DIM1 of Beam Section}
*startnotehistorystate {Modified Dimension DIM1 of Beam Section}
*createmark beamsects 1 "Stringer_Section1" "Stringer_Section2" "Stringer_Section3" \
  "Stringer_Section4" "Stringer_Section5" "Stringer_Section6" "Stringer_Section7" \
  "Stringer_Section8" "Stringer_Section9"
*setvalue beamsects mark=1 beamsect_dim1=30
*endnotehistorystate {Modified Dimension DIM1 of Beam Section}
*startnotehistorystate {Modified Thickness DIM2 of Beam Section}
*createmark beamsects 1 "Stringer_Section1" "Stringer_Section2" "Stringer_Section3" \
  "Stringer_Section4" "Stringer_Section5" "Stringer_Section6" "Stringer_Section7" \
  "Stringer_Section8" "Stringer_Section9"
*setvalue beamsects mark=1 beamsect_dim2=3
*endnotehistorystate {Modified Thickness DIM2 of Beam Section}
*rotateabout 1 0 1000 0
*viewset 0.0103013163 0.0127814277 -0.99986525 0 -0.994573707 0.103651059 -0.00892181203 0 0.103523059 0.994531595 0.0137798143 0 -32.0423133 -256.718967 42.782627 1 -1785.16846 -354.513592 -214.831559 -36.0356248
*setoption topofacecolor=10
*startnotehistorystate {Modified T of Property}
*endnotehistorystate {Modified T of Property}
*startnotehistorystate {Modified T of Property}
*createmark properties 1 "Shell1" "Shell10"
*setvalue props mark=1 STATUS=1 95=4.8
*endnotehistorystate {Modified T of Property}
*startnotehistorystate {Modified T of Property}
*endnotehistorystate {Modified T of Property}
*startnotehistorystate {Modified T of Property}
*createmark properties 1 "Shell2" "Shell9"
*setvalue props mark=1 STATUS=1 95=5
*endnotehistorystate {Modified T of Property}
*startnotehistorystate {Modified T of Property}
*endnotehistorystate {Modified T of Property}
*startnotehistorystate {Modified T of Property}
*createmark properties 1 "Shell1" "Shell10"
*setvalue props mark=1 STATUS=1 95=4.9
*endnotehistorystate {Modified T of Property}
*startnotehistorystate {Modified T of Property}
*endnotehistorystate {Modified T of Property}
*startnotehistorystate {Modified T of Property}
*createmark properties 1 "Shell2" "Shell9"
*setvalue props mark=1 STATUS=1 95=5
*endnotehistorystate {Modified T of Property}
*startnotehistorystate {Modified T of Property}
*endnotehistorystate {Modified T of Property}
*startnotehistorystate {Modified T of Property}
*createmark properties 1 "Shell2" "Shell9"
*setvalue props mark=1 STATUS=1 95=5.1
*endnotehistorystate {Modified T of Property}
*startnotehistorystate {Modified T of Property}
*endnotehistorystate {Modified T of Property}
*startnotehistorystate {Modified T of Property}
*createmark properties 1 "Shell3" "Shell8"
*setvalue props mark=1 STATUS=1 95=5.2
*endnotehistorystate {Modified T of Property}
*startnotehistorystate {Modified T of Property}
*endnotehistorystate {Modified T of Property}
*startnotehistorystate {Modified T of Property}
*createmark properties 1 "Shell4" "Shell7"
*setvalue props mark=1 STATUS=1 95=5.3
*endnotehistorystate {Modified T of Property}
*startnotehistorystate {Modified T of Property}
*endnotehistorystate {Modified T of Property}
*startnotehistorystate {Modified T of Property}
*createmark properties 1 "Shell5" "Shell6"
*setvalue props mark=1 STATUS=1 95=5.5
*endnotehistorystate {Modified T of Property}
*setoption topofacecolor=11
*setoption topofacecolor=4
*startnotehistorystate {Modified Dimension DIM1 of Beam Section}
*createmark beamsects 1 "Stringer_Section1" "Stringer_Section9"
*setvalue beamsects mark=1 beamsect_dim1=43
*endnotehistorystate {Modified Dimension DIM1 of Beam Section}
*startnotehistorystate {Modified Thickness DIM2 of Beam Section}
*createmark beamsects 1 "Stringer_Section1" "Stringer_Section9"
*setvalue beamsects mark=1 beamsect_dim2=2.5
*endnotehistorystate {Modified Thickness DIM2 of Beam Section}
*startnotehistorystate {Modified Dimension DIM1 of Beam Section}
*createmark beamsects 1 "Stringer_Section2" "Stringer_Section8"
*setvalue beamsects mark=1 beamsect_dim1=45
*endnotehistorystate {Modified Dimension DIM1 of Beam Section}
*startnotehistorystate {Modified Thickness DIM2 of Beam Section}
*createmark beamsects 1 "Stringer_Section2" "Stringer_Section8"
*setvalue beamsects mark=1 beamsect_dim2=2.6
*endnotehistorystate {Modified Thickness DIM2 of Beam Section}
*startnotehistorystate {Modified Dimension DIM1 of Beam Section}
*createmark beamsects 1 "Stringer_Section3" "Stringer_Section7"
*setvalue beamsects mark=1 beamsect_dim1=46
*endnotehistorystate {Modified Dimension DIM1 of Beam Section}
*startnotehistorystate {Modified Thickness DIM2 of Beam Section}
*createmark beamsects 1 "Stringer_Section3" "Stringer_Section7"
*setvalue beamsects mark=1 beamsect_dim2=1.8
*endnotehistorystate {Modified Thickness DIM2 of Beam Section}
*startnotehistorystate {Modified Dimension DIM1 of Beam Section}
*createmark beamsects 1 "Stringer_Section4" "Stringer_Section6"
*setvalue beamsects mark=1 beamsect_dim1=48
*endnotehistorystate {Modified Dimension DIM1 of Beam Section}
*startnotehistorystate {Modified Thickness DIM2 of Beam Section}
*createmark beamsects 1 "Stringer_Section4" "Stringer_Section6"
*setvalue beamsects mark=1 beamsect_dim2=2.8
*endnotehistorystate {Modified Thickness DIM2 of Beam Section}
*startnotehistorystate {Modified Dimension DIM1 of Beam Section}
*setvalue beamsects id=5 beamsect_dim1=50
*endnotehistorystate {Modified Dimension DIM1 of Beam Section}
*retainmarkselections 0
*feoutputmergeincludefiles 0
*setsubmodeltype "HM_INCLUDEFILES"
*setentitytypesupportedbyenggid 1 0
*createstringarray 6 "HM_NODEELEMS_SET_COMPRESS_SKIP " "EXPORT_DMIG_LONGFORMAT " \
  "HMSUBSYSTEMCOMMENTS_XML" "HMMATCOMMENTS_XML" "HMBOMCOMMENTS_XML" "INCLUDE_RELATIVE_PATH "
*feoutputwithdata "C:/Program Files/Altair/2023.1/hwdesktop/templates/feoutput/optistruct/optistruct" "C:/Users/sihol/OneDrive/Desktop/Project 2025/iteration2/zwei.fem" 0 0 2 1 6
*setoption topofacecolor=10
*startnotehistorystate {Modified T of Property}
*endnotehistorystate {Modified T of Property}
*startnotehistorystate {Modified T of Property}
*createmark properties 1 "Shell4" "Shell7"
*setvalue props mark=1 STATUS=1 95=5.4
*endnotehistorystate {Modified T of Property}
*startnotehistorystate {Modified T of Property}
*endnotehistorystate {Modified T of Property}
*startnotehistorystate {Modified T of Property}
*createmark properties 1 "Shell5" "Shell6"
*setvalue props mark=1 STATUS=1 95=6
*endnotehistorystate {Modified T of Property}
*startnotehistorystate {Modified T of Property}
*endnotehistorystate {Modified T of Property}
*startnotehistorystate {Modified T of Property}
*createmark properties 1 "Shell4" "Shell7"
*setvalue props mark=1 STATUS=1 95=5.8
*endnotehistorystate {Modified T of Property}
*startnotehistorystate {Modified T of Property}
*endnotehistorystate {Modified T of Property}
*startnotehistorystate {Modified T of Property}
*createmark properties 1 "Shell5" "Shell6"
*setvalue props mark=1 STATUS=1 95=6.5
*endnotehistorystate {Modified T of Property}
*startnotehistorystate {Modified T of Property}
*endnotehistorystate {Modified T of Property}
*startnotehistorystate {Modified T of Property}
*createmark properties 1 "Shell4" "Shell7"
*setvalue props mark=1 STATUS=1 95=6
*endnotehistorystate {Modified T of Property}
*startnotehistorystate {Modified T of Property}
*endnotehistorystate {Modified T of Property}
*startnotehistorystate {Modified T of Property}
*createmark properties 1 "Shell3" "Shell8"
*setvalue props mark=1 STATUS=1 95=5.4
*endnotehistorystate {Modified T of Property}
*startnotehistorystate {Modified T of Property}
*endnotehistorystate {Modified T of Property}
*startnotehistorystate {Modified T of Property}
*createmark properties 1 "Shell2" "Shell9"
*setvalue props mark=1 STATUS=1 95=5.2
*endnotehistorystate {Modified T of Property}
*startnotehistorystate {Modified T of Property}
*endnotehistorystate {Modified T of Property}
*startnotehistorystate {Modified T of Property}
*createmark properties 1 "Shell1" "Shell10"
*setvalue props mark=1 STATUS=1 95=5
*endnotehistorystate {Modified T of Property}
*retainmarkselections 0
*feoutputmergeincludefiles 0
*setsubmodeltype "HM_INCLUDEFILES"
*setentitytypesupportedbyenggid 1 0
*createstringarray 6 "HM_NODEELEMS_SET_COMPRESS_SKIP " "EXPORT_DMIG_LONGFORMAT " \
  "HMSUBSYSTEMCOMMENTS_XML" "HMMATCOMMENTS_XML" "HMBOMCOMMENTS_XML" "INCLUDE_RELATIVE_PATH "
*feoutputwithdata "C:/Program Files/Altair/2023.1/hwdesktop/templates/feoutput/optistruct/optistruct" "C:/Users/sihol/OneDrive/Desktop/Project 2025/iteration3/drei.fem" 0 0 2 1 6
*startnotehistorystate {Modified T of Property}
*endnotehistorystate {Modified T of Property}
*startnotehistorystate {Modified T of Property}
*createmark properties 1 "Shell1" "Shell10"
*setvalue props mark=1 STATUS=1 95=4.7
*endnotehistorystate {Modified T of Property}
*startnotehistorystate {Modified T of Property}
*endnotehistorystate {Modified T of Property}
*startnotehistorystate {Modified T of Property}
*createmark properties 1 "Shell2" "Shell9"
*setvalue props mark=1 STATUS=1 95=5
*endnotehistorystate {Modified T of Property}
*startnotehistorystate {Modified T of Property}
*endnotehistorystate {Modified T of Property}
*startnotehistorystate {Modified T of Property}
*createmark properties 1 "Shell4" "Shell7"
*setvalue props mark=1 STATUS=1 95=6.4
*endnotehistorystate {Modified T of Property}
*startnotehistorystate {Modified T of Property}
*endnotehistorystate {Modified T of Property}
*startnotehistorystate {Modified T of Property}
*createmark properties 1 "Shell3" "Shell8"
*setvalue props mark=1 STATUS=1 95=5.5
*endnotehistorystate {Modified T of Property}
*startnotehistorystate {Modified T of Property}
*endnotehistorystate {Modified T of Property}
*startnotehistorystate {Modified T of Property}
*createmark properties 1 "Shell4" "Shell7"
*setvalue props mark=1 STATUS=1 95=6.6
*endnotehistorystate {Modified T of Property}
*startnotehistorystate {Modified T of Property}
*endnotehistorystate {Modified T of Property}
*startnotehistorystate {Modified T of Property}
*createmark properties 1 "Shell5" "Shell6"
*setvalue props mark=1 STATUS=1 95=7
*endnotehistorystate {Modified T of Property}
*startnotehistorystate {Modified T of Property}
*endnotehistorystate {Modified T of Property}
*startnotehistorystate {Modified T of Property}
*createmark properties 1 "Shell5" "Shell6"
*setvalue props mark=1 STATUS=1 95=6.8
*endnotehistorystate {Modified T of Property}
*startnotehistorystate {Modified T of Property}
*endnotehistorystate {Modified T of Property}
*startnotehistorystate {Modified T of Property}
*createmark properties 1 "Shell5" "Shell6"
*setvalue props mark=1 STATUS=1 95=6.7
*endnotehistorystate {Modified T of Property}
*startnotehistorystate {Modified T of Property}
*endnotehistorystate {Modified T of Property}
*startnotehistorystate {Modified T of Property}
*createmark properties 1 "Shell4" "Shell7"
*setvalue props mark=1 STATUS=1 95=6.5
*endnotehistorystate {Modified T of Property}
*retainmarkselections 0
*feoutputmergeincludefiles 0
*setsubmodeltype "HM_INCLUDEFILES"
*setentitytypesupportedbyenggid 1 0
*createstringarray 6 "HM_NODEELEMS_SET_COMPRESS_SKIP " "EXPORT_DMIG_LONGFORMAT " \
  "HMSUBSYSTEMCOMMENTS_XML" "HMMATCOMMENTS_XML" "HMBOMCOMMENTS_XML" "INCLUDE_RELATIVE_PATH "
*feoutputwithdata "C:/Program Files/Altair/2023.1/hwdesktop/templates/feoutput/optistruct/optistruct" "C:/Users/sihol/OneDrive/Desktop/Project 2025/iteration4/vier.fem" 0 0 2 1 6
*rotateabout 1 375 1000.00001 -193.437619
*viewset 0.0445006542 0.0696503686 -0.996578405 0 -0.998886226 0.0187638747 -0.0432923085 0 0.0156843471 0.997394979 0.0704077985 0 -285.23616 -100.853887 86.8745396 1 -2320.49068 -463.08159 320.490662 72.5323727
*clearmarkall 1
*createentity results name="result1"
*setvalue results id=1 resultfiles= "C:/Users/sihol/OneDrive/Desktop/Project 2025/iteration4/vier.fem"
*setvalue results id=1 init=1
*rotateabout 1 375 1000.00001 -193.437619
*viewset 0.0488952735 0.226559881 -0.972769177 0 -0.998803209 0.00993619109 -0.0478896895 0 -0.00118426191 0.973946555 0.226774569 0 -290.230183 -155.403078 112.790676 1 -2320.49068 -463.08159 320.490662 72.5323727
*clearmarkall 1
*setvalue results id=1 resourceeditfiles= "C:/Users/sihol/OneDrive/Desktop/Project 2025/Analysis/Output.h3d"
*setvalue results id=1 resourceeditmode= "add"
*setvalue results id=1 resourceeditfiles= ""
*setoption topofacecolor=11
*setoption topofacecolor=4
*setoption topofacecolor=11
*setoption topofacecolor=4
*setoption topofacecolor=10
*startnotehistorystate {Modified T of Property}
*endnotehistorystate {Modified T of Property}
*startnotehistorystate {Modified T of Property}
*createmark properties 1 "Shell3" "Shell8"
*setvalue props mark=1 STATUS=1 95=6
*endnotehistorystate {Modified T of Property}
*startnotehistorystate {Modified T of Property}
*endnotehistorystate {Modified T of Property}
*startnotehistorystate {Modified T of Property}
*createmark properties 1 "Shell4" "Shell7"
*setvalue props mark=1 STATUS=1 95=6.3
*endnotehistorystate {Modified T of Property}
*startnotehistorystate {Modified T of Property}
*endnotehistorystate {Modified T of Property}
*startnotehistorystate {Modified T of Property}
*createmark properties 1 "Shell1" "Shell10"
*setvalue props mark=1 STATUS=1 95=5
*endnotehistorystate {Modified T of Property}
*startnotehistorystate {Modified T of Property}
*endnotehistorystate {Modified T of Property}
*startnotehistorystate {Modified T of Property}
*createmark properties 1 "Shell2" "Shell9"
*setvalue props mark=1 STATUS=1 95=5.2
*endnotehistorystate {Modified T of Property}
*startnotehistorystate {Modified T of Property}
*endnotehistorystate {Modified T of Property}
*startnotehistorystate {Modified T of Property}
*createmark properties 1 "Shell3" "Shell8"
*setvalue props mark=1 STATUS=1 95=5.5
*endnotehistorystate {Modified T of Property}
*startnotehistorystate {Modified T of Property}
*endnotehistorystate {Modified T of Property}
*startnotehistorystate {Modified T of Property}
*createmark properties 1 "Shell2" "Shell9"
*setvalue props mark=1 STATUS=1 95=5.4
*endnotehistorystate {Modified T of Property}
*startnotehistorystate {Modified T of Property}
*endnotehistorystate {Modified T of Property}
*startnotehistorystate {Modified T of Property}
*createmark properties 1 "Shell3" "Shell8"
*setvalue props mark=1 STATUS=1 95=5.8
*endnotehistorystate {Modified T of Property}
*startnotehistorystate {Modified T of Property}
*endnotehistorystate {Modified T of Property}
*startnotehistorystate {Modified T of Property}
*createmark properties 1 "Shell4" "Shell7"
*setvalue props mark=1 STATUS=1 95=6.2
*endnotehistorystate {Modified T of Property}
*startnotehistorystate {Modified T of Property}
*endnotehistorystate {Modified T of Property}
*startnotehistorystate {Modified T of Property}
*createmark properties 1 "Shell5" "Shell6"
*setvalue props mark=1 STATUS=1 95=6.6
*endnotehistorystate {Modified T of Property}
*startnotehistorystate {Modified T of Property}
*endnotehistorystate {Modified T of Property}
*startnotehistorystate {Modified T of Property}
*createmark properties 1 "Shell5" "Shell6"
*setvalue props mark=1 STATUS=1 95=6.4
*endnotehistorystate {Modified T of Property}
*startnotehistorystate {Modified T of Property}
*endnotehistorystate {Modified T of Property}
*startnotehistorystate {Modified T of Property}
*createmark properties 1 "Shell2" "Shell9"
*setvalue props mark=1 STATUS=1 95=5.3
*endnotehistorystate {Modified T of Property}
